424
570
233
822
282
630
252
946
615
842
593
858
69
125
768
930
307
27
681
561
614
843
914
991
733
130
360
384
533
801
265
295
28
931
666
44
504
242
508
464
48
682
68
433
86
5
171
305
435
608
219
308
955
686
612
618
83
500
941
161
224
125
479
967
705
631
398
174
632
830
657
65
653
79
45
670
684
352
389
197
976
302
453
32
336
598
102
954
664
112
916
949
395
313
335
535
136
288
79
853
27
131
683
987
973
667
124
658
414
630
917
467
226
179
358
764
690
267
354
288
717
438
365
307
254
91
698
759
232
429
11
664
431
482
74
959
945
989
793
197
677
135
293
542
178
529
32
872
267
141
374
324
409
166
416
204
858
325
704
422
529
565
84
600
830
746
286
36
968
109
891
958
647
299
251
332
215
855
457
669
90
572
603
861
605
432
852
16
270
710
760
100
260
426
72
524
55
690
47
459
