791
531
223
596
103
509
28
781
862
151
519
313
735
402
865
444
729
245
970
527
230
197
389
415
804
415
270
597
211
26
906
766
152
161
670
836
673
295
915
924
98
539
528
569
528
319
664
929
300
931
486
286
754
439
734
248
387
281
982
802
672
852
157
298
776
506
82
452
603
682
656
681
183
781
25
452
715
470
353
597
563
913
332
658
643
974
570
115
503
349
153
972
915
539
892
160
894
902
572
836
300
638
468
522
821
101
529
56
736
656
721
104
348
726
699
793
560
856
616
438
304
818
304
581
323
362
256
42
172
782
874
133
526
74
110
593
379
746
256
159
686
853
338
635
920
395
939
828
592
552
440
242
214
449
114
243
170
462
240
695
776
761
190
469
695
775
422
797
498
220
887
751
247
140
851
740
118
199
333
812
948
164
922
615
857
25
191
96
846
394
380
935
379
552
416
886
272
396
557
406
